# Circuit outlines keyed by Ergast circuitId: x,y pairs in a unit box.
# Generated by tools/build-tracks.py from bacinger/f1-circuits (MIT).
albert_park 0.323,0.738 0.272,0.688 0.198,0.612 0.193,0.608 0.191,0.602 0.192,0.599 0.193,0.597 0.195,0.59 0.2,0.583 0.202,0.573 0.204,0.562 0.204,0.553 0.201,0.536 0.198,0.528 0.193,0.519 0.187,0.512 0.174,0.498 0.158,0.484 0.136,0.463 0.109,0.434 0.098,0.422 0.069,0.386 0.055,0.367 0.04,0.343 0.011,0.293 0.004,0.279 0,0.269 0.001,0.263 0.003,0.259 0.009,0.256 0.029,0.252 0.067,0.245 0.072,0.243 0.074,0.241 0.076,0.238 0.079,0.23 0.08,0.221 0.077,0.147 0.076,0.12 0.077,0.118 0.085,0.108 0.092,0.103 0.149,0.062 0.161,0.054 0.22,0.031 0.242,0.023 0.262,0.01 0.277,0.001 0.284,0 0.289,0 0.294,0.003 0.301,0.011 0.309,0.018 0.32,0.026 0.334,0.031 0.352,0.033 0.368,0.034 0.382,0.036 0.397,0.041 0.411,0.048 0.426,0.059 0.436,0.068 0.446,0.081 0.455,0.097 0.461,0.114 0.464,0.127 0.466,0.137 0.479,0.212 0.479,0.222 0.478,0.233 0.474,0.244 0.47,0.254 0.462,0.265 0.455,0.274 0.447,0.284 0.444,0.292 0.44,0.301 0.438,0.311 0.422,0.393 0.421,0.403 0.42,0.415 0.42,0.426 0.421,0.446 0.423,0.461 0.428,0.479 0.433,0.496 0.44,0.51 0.447,0.524 0.458,0.542 0.466,0.554 0.482,0.571 0.534,0.617 0.542,0.623 0.55,0.627 0.555,0.63 0.566,0.633 0.577,0.634 0.589,0.634 0.601,0.634 0.612,0.633 0.622,0.634 0.63,0.636 0.638,0.639 0.644,0.643 0.653,0.651 0.711,0.7 0.732,0.718 0.742,0.731 0.75,0.74 0.759,0.753 0.767,0.773 0.776,0.798 0.798,0.876 0.812,0.926 0.814,0.939 0.816,0.946 0.816,0.951 0.812,0.953 0.802,0.957 0.751,0.977 0.698,0.998 0.694,0.999 0.688,1 0.68,0.999 0.671,0.996 0.663,0.99 0.658,0.986 0.654,0.979 0.622,0.921 0.604,0.891 0.601,0.887 0.598,0.884 0.596,0.883 0.591,0.883 0.588,0.885 0.554,0.923 0.55,0.928 0.544,0.931 0.538,0.933 0.532,0.935 0.527,0.934 0.521,0.933 0.513,0.93 0.507,0.926 0.504,0.924 0.323,0.738
americas 0.201,0.468 0.291,0.54 0.316,0.557 0.335,0.569 0.342,0.572 0.345,0.573 0.348,0.573 0.351,0.571 0.353,0.568 0.354,0.566 0.353,0.562 0.334,0.506 0.325,0.48 0.324,0.472 0.323,0.465 0.324,0.457 0.325,0.449 0.328,0.44 0.332,0.432 0.337,0.425 0.343,0.417 0.351,0.412 0.36,0.406 0.413,0.373 0.434,0.36 0.439,0.355 0.443,0.35 0.447,0.345 0.449,0.339 0.452,0.334 0.457,0.318 0.461,0.313 0.466,0.307 0.472,0.303 0.477,0.3 0.489,0.295 0.499,0.29 0.504,0.286 0.508,0.282 0.511,0.276 0.512,0.269 0.514,0.257 0.515,0.25 0.517,0.241 0.519,0.235 0.523,0.23 0.527,0.224 0.531,0.219 0.538,0.213 0.545,0.208 0.553,0.203 0.562,0.199 0.569,0.198 0.576,0.197 0.581,0.198 0.589,0.2 0.64,0.224 0.645,0.226 0.651,0.226 0.655,0.224 0.665,0.218 0.677,0.208 0.686,0.199 0.695,0.187 0.701,0.18 0.707,0.175 0.713,0.172 0.718,0.171 0.726,0.171 0.734,0.173 0.74,0.177 0.745,0.182 0.748,0.185 0.751,0.189 0.753,0.194 0.757,0.198 0.761,0.2 0.765,0.2 0.859,0.179 0.865,0.177 0.868,0.175 0.871,0.173 0.926,0.106 0.974,0.048 0.992,0.025 0.999,0.011 1,0.008 0.999,0.005 0.997,0.003 0.994,0.001 0.991,0 0.988,0 0.983,0.001 0.883,0.033 0.814,0.053 0.737,0.071 0.646,0.09 0.588,0.099 0.535,0.107 0.379,0.124 0.362,0.127 0.36,0.129 0.359,0.132 0.359,0.134 0.361,0.137 0.372,0.149 0.407,0.197 0.423,0.223 0.424,0.226 0.423,0.232 0.42,0.235 0.416,0.238 0.413,0.239 0.406,0.24 0.377,0.238 0.375,0.236 0.372,0.234 0.37,0.231 0.367,0.227 0.362,0.211 0.359,0.205 0.355,0.199 0.336,0.18 0.333,0.177 0.33,0.176 0.326,0.175 0.308,0.174 0.304,0.174 0.302,0.175 0.3,0.178 0.299,0.181 0.3,0.185 0.336,0.248 0.351,0.275 0.352,0.282 0.352,0.29 0.35,0.296 0.349,0.302 0.345,0.313 0.339,0.325 0.335,0.33 0.329,0.335 0.322,0.338 0.292,0.352 0.287,0.353 0.281,0.354 0.27,0.353 0.259,0.351 0.249,0.348 0.239,0.344 0.229,0.338 0.222,0.333 0.218,0.326 0.184,0.278 0.158,0.245 0.154,0.241 0.15,0.24 0.145,0.239 0.14,0.239 0.134,0.241 0.126,0.243 0.119,0.246 0.01,0.294 0.004,0.298 0.001,0.302 0,0.306 0.001,0.309 0.004,0.312 0.007,0.315 0.064,0.361 0.201,0.468
bahrain 0.022,0.474 0.03,0.193 0.037,0.01 0.04,0.001 0.048,0 0.056,0.002 0.062,0.006 0.1,0.045 0.11,0.049 0.121,0.048 0.187,0.027 0.203,0.025 0.217,0.026 0.65,0.11 0.665,0.114 0.673,0.122 0.675,0.133 0.673,0.143 0.668,0.154 0.659,0.165 0.648,0.175 0.633,0.186 0.581,0.225 0.539,0.268 0.529,0.278 0.521,0.293 0.502,0.335 0.495,0.344 0.486,0.351 0.476,0.356 0.46,0.358 0.413,0.35 0.4,0.35 0.387,0.353 0.376,0.359 0.363,0.371 0.266,0.493 0.257,0.501 0.244,0.503 0.235,0.497 0.232,0.484 0.233,0.464 0.256,0.326 0.269,0.239 0.271,0.222 0.269,0.206 0.266,0.195 0.259,0.183 0.219,0.149 0.214,0.146 0.208,0.148 0.204,0.154 0.19,0.261 0.186,0.332 0.179,0.46 0.174,0.593 0.169,0.715 0.171,0.735 0.179,0.747 0.192,0.753 0.209,0.757 0.227,0.756 0.249,0.751 0.271,0.74 0.291,0.727 0.309,0.708 0.321,0.689 0.342,0.634 0.354,0.611 0.365,0.597 0.38,0.585 0.397,0.574 0.422,0.568 0.449,0.567 0.468,0.572 0.494,0.584 0.561,0.618 0.575,0.628 0.587,0.639 0.593,0.65 0.6,0.663 0.6,0.673 0.594,0.685 0.583,0.696 0.566,0.708 0.055,0.995 0.046,1 0.031,1 0.025,0.994 0.002,0.946 0,0.927 0,0.89 0.007,0.692 0.022,0.474
baku 0.92,0.187 0.993,0.156 0.997,0.153 1,0.148 1,0.144 0.999,0.137 0.984,0.099 0.959,0.05 0.938,0.003 0.935,0.001 0.93,0 0.86,0.028 0.775,0.061 0.658,0.114 0.557,0.16 0.55,0.167 0.55,0.176 0.583,0.262 0.584,0.268 0.578,0.274 0.521,0.301 0.489,0.319 0.445,0.347 0.442,0.351 0.443,0.356 0.451,0.372 0.45,0.376 0.447,0.38 0.43,0.394 0.331,0.472 0.314,0.487 0.307,0.492 0.3,0.491 0.294,0.485 0.267,0.407 0.264,0.404 0.259,0.403 0.253,0.403 0.243,0.397 0.238,0.396 0.232,0.396 0.226,0.397 0.219,0.394 0.216,0.389 0.211,0.371 0.208,0.367 0.204,0.365 0.198,0.365 0.156,0.379 0.089,0.412 0.045,0.438 0.036,0.445 0.03,0.455 0.023,0.468 0.001,0.541 0,0.551 0.007,0.653 0.009,0.659 0.015,0.666 0.105,0.713 0.131,0.724 0.144,0.73 0.152,0.731 0.161,0.729 0.168,0.725 0.172,0.72 0.199,0.67 0.205,0.658 0.213,0.649 0.291,0.578 0.297,0.569 0.3,0.56 0.307,0.514 0.31,0.504 0.316,0.496 0.323,0.49 0.435,0.403 0.45,0.393 0.467,0.384 0.483,0.376 0.533,0.355 0.578,0.334 0.687,0.287 0.732,0.267 0.846,0.218 0.92,0.187
catalunya 0.643,0.447 0.538,0.615 0.479,0.709 0.418,0.805 0.355,0.907 0.333,0.942 0.326,0.949 0.32,0.955 0.314,0.957 0.305,0.959 0.296,0.958 0.289,0.956 0.283,0.953 0.261,0.939 0.254,0.936 0.242,0.933 0.232,0.933 0.217,0.936 0.209,0.941 0.148,0.987 0.14,0.991 0.131,0.994 0.119,0.998 0.108,1 0.099,1 0.088,0.999 0.076,0.998 0.065,0.994 0.051,0.987 0.044,0.982 0.037,0.977 0.032,0.971 0.016,0.951 0.008,0.935 0.003,0.917 0.001,0.905 0,0.89 0,0.875 0.003,0.858 0.009,0.832 0.016,0.811 0.024,0.794 0.033,0.781 0.138,0.612 0.145,0.606 0.154,0.601 0.17,0.597 0.181,0.598 0.189,0.601 0.199,0.606 0.21,0.615 0.217,0.623 0.226,0.64 0.229,0.653 0.229,0.673 0.229,0.685 0.226,0.699 0.22,0.712 0.209,0.732 0.133,0.852 0.13,0.86 0.13,0.867 0.132,0.876 0.136,0.882 0.14,0.887 0.146,0.891 0.153,0.894 0.159,0.895 0.169,0.893 0.173,0.891 0.289,0.839 0.305,0.829 0.321,0.817 0.337,0.802 0.348,0.788 0.394,0.716 0.399,0.705 0.401,0.697 0.399,0.686 0.393,0.675 0.384,0.667 0.363,0.654 0.352,0.645 0.346,0.638 0.339,0.629 0.336,0.623 0.307,0.554 0.274,0.476 0.272,0.463 0.272,0.449 0.273,0.439 0.275,0.428 0.282,0.417 0.287,0.409 0.297,0.397 0.308,0.389 0.675,0.2 0.688,0.193 0.695,0.186 0.698,0.179 0.699,0.171 0.696,0.161 0.692,0.154 0.686,0.148 0.677,0.141 0.662,0.135 0.653,0.132 0.641,0.131 0.63,0.13 0.619,0.131 0.607,0.134 0.591,0.142 0.579,0.148 0.564,0.162 0.548,0.173 0.537,0.178 0.521,0.179 0.511,0.177 0.499,0.171 0.489,0.163 0.484,0.154 0.479,0.143 0.477,0.132 0.477,0.127 0.48,0.112 0.486,0.101 0.495,0.092 0.583,0.02 0.591,0.012 0.602,0.006 0.612,0.003 0.626,0 0.64,0 0.652,0.003 0.662,0.007 0.683,0.02 0.706,0.035 0.726,0.049 0.739,0.056 0.782,0.084 0.793,0.091 0.799,0.098 0.806,0.106 0.81,0.116 0.814,0.128 0.817,0.14 0.817,0.157 0.814,0.172 0.802,0.196 0.643,0.447
estoril 0.344,0.644 0.186,0.991 0.18,0.997 0.168,1 0.159,0.998 0.149,0.99 0.118,0.938 0.06,0.887 0.013,0.85 0.003,0.838 0,0.827 0.001,0.812 0.025,0.733 0.055,0.647 0.062,0.637 0.075,0.632 0.089,0.633 0.102,0.641 0.111,0.654 0.114,0.67 0.111,0.699 0.088,0.796 0.089,0.808 0.091,0.819 0.099,0.831 0.112,0.837 0.122,0.839 0.137,0.837 0.15,0.829 0.158,0.817 0.162,0.805 0.205,0.594 0.209,0.585 0.217,0.575 0.478,0.244 0.483,0.231 0.483,0.221 0.481,0.21 0.472,0.198 0.464,0.191 0.449,0.185 0.433,0.182 0.418,0.182 0.405,0.185 0.39,0.191 0.378,0.2 0.186,0.44 0.176,0.446 0.163,0.449 0.152,0.448 0.141,0.445 0.132,0.439 0.123,0.429 0.116,0.415 0.112,0.4 0.089,0.208 0.089,0.195 0.092,0.184 0.096,0.171 0.109,0.158 0.127,0.146 0.179,0.126 0.244,0.108 0.273,0.109 0.327,0.126 0.343,0.126 0.356,0.12 0.367,0.104 0.387,0.047 0.4,0.03 0.419,0.015 0.438,0.005 0.467,0 0.49,0.004 0.516,0.014 0.537,0.029 0.554,0.049 0.565,0.067 0.572,0.093 0.574,0.114 0.571,0.139 0.562,0.162 0.344,0.644
galvez 0.434,0.346 0.615,0.076 0.666,0.01 0.684,0 0.709,0.004 0.731,0.021 0.747,0.046 0.751,0.067 0.751,0.182 0.745,0.206 0.726,0.234 0.57,0.399 0.564,0.417 0.562,0.43 0.566,0.445 0.574,0.458 0.594,0.469 0.609,0.472 0.626,0.47 0.829,0.364 0.843,0.345 0.849,0.331 0.854,0.304 0.851,0.275 0.833,0.238 0.828,0.216 0.825,0.196 0.835,0.099 0.846,0.072 0.87,0.046 0.901,0.034 0.934,0.034 0.963,0.047 0.986,0.068 1,0.103 0.999,0.123 0.943,0.635 0.93,0.669 0.909,0.704 0.887,0.729 0.856,0.753 0.812,0.775 0.583,0.808 0.559,0.803 0.547,0.794 0.538,0.775 0.542,0.753 0.553,0.738 0.572,0.731 0.654,0.721 0.669,0.712 0.688,0.692 0.704,0.682 0.725,0.679 0.782,0.674 0.803,0.663 0.817,0.645 0.825,0.625 0.83,0.53 0.825,0.51 0.814,0.495 0.8,0.485 0.782,0.482 0.763,0.482 0.429,0.659 0.419,0.673 0.417,0.688 0.424,0.701 0.438,0.715 0.459,0.728 0.466,0.742 0.457,0.763 0.416,0.81 0.398,0.827 0.369,0.837 0.034,0.883 0.016,0.881 0.004,0.865 0,0.842 0.007,0.822 0.021,0.809 0.051,0.792 0.066,0.791 0.082,0.803 0.095,0.805 0.113,0.8 0.13,0.788 0.151,0.766 0.205,0.692 0.434,0.346
hockenheimring 0.082,0.463 0.041,0.38 0.001,0.306 0,0.3 0.002,0.294 0.02,0.253 0.028,0.235 0.037,0.218 0.047,0.203 0.057,0.19 0.075,0.169 0.114,0.129 0.234,0.004 0.239,0.001 0.246,0 0.251,0.003 0.257,0.008 0.264,0.018 0.268,0.031 0.269,0.043 0.269,0.058 0.27,0.066 0.272,0.073 0.277,0.084 0.283,0.091 0.292,0.098 0.321,0.115 0.351,0.132 0.382,0.148 0.412,0.162 0.434,0.172 0.462,0.181 0.49,0.189 0.514,0.195 0.547,0.2 0.569,0.203 0.595,0.205 0.617,0.206 0.645,0.204 0.673,0.202 0.701,0.196 0.733,0.188 0.791,0.168 0.984,0.095 0.991,0.094 0.996,0.095 0.999,0.099 1,0.104 0.999,0.109 0.995,0.112 0.921,0.161 0.766,0.263 0.755,0.267 0.743,0.268 0.573,0.247 0.566,0.247 0.561,0.251 0.558,0.261 0.557,0.276 0.558,0.295 0.563,0.31 0.571,0.325 0.581,0.338 0.585,0.346 0.586,0.354 0.586,0.361 0.584,0.368 0.579,0.379 0.573,0.387 0.565,0.395 0.55,0.407 0.468,0.462 0.371,0.525 0.362,0.53 0.353,0.533 0.344,0.534 0.334,0.533 0.325,0.531 0.317,0.527 0.308,0.522 0.299,0.514 0.288,0.501 0.201,0.398 0.195,0.392 0.187,0.389 0.179,0.388 0.171,0.389 0.165,0.392 0.159,0.397 0.155,0.404 0.153,0.411 0.152,0.419 0.154,0.428 0.168,0.472 0.171,0.479 0.177,0.487 0.184,0.493 0.193,0.497 0.21,0.504 0.219,0.509 0.225,0.515 0.232,0.524 0.255,0.555 0.258,0.564 0.26,0.57 0.259,0.576 0.258,0.583 0.252,0.59 0.243,0.597 0.211,0.621 0.199,0.627 0.192,0.628 0.183,0.628 0.173,0.626 0.164,0.62 0.156,0.612 0.148,0.602 0.142,0.59 0.082,0.463
hungaroring 0.22,0.753 0.056,0.622 0.007,0.584 0.003,0.576 0,0.569 0.001,0.561 0.004,0.554 0.009,0.55 0.015,0.547 0.024,0.546 0.038,0.546 0.075,0.546 0.101,0.551 0.124,0.558 0.148,0.567 0.166,0.578 0.18,0.587 0.315,0.693 0.324,0.699 0.334,0.701 0.343,0.701 0.351,0.698 0.36,0.695 0.366,0.69 0.372,0.684 0.375,0.678 0.379,0.671 0.38,0.66 0.379,0.654 0.376,0.645 0.374,0.637 0.335,0.572 0.331,0.56 0.331,0.55 0.333,0.542 0.336,0.532 0.339,0.522 0.382,0.437 0.457,0.285 0.471,0.261 0.487,0.239 0.506,0.217 0.51,0.21 0.513,0.204 0.514,0.196 0.512,0.188 0.478,0.058 0.477,0.048 0.478,0.039 0.48,0.029 0.484,0.02 0.492,0.013 0.501,0.006 0.51,0.002 0.519,0 0.53,0 0.541,0.003 0.554,0.009 0.569,0.018 0.58,0.025 0.592,0.035 0.606,0.045 0.622,0.062 0.692,0.138 0.696,0.146 0.697,0.151 0.696,0.157 0.693,0.163 0.687,0.168 0.682,0.173 0.68,0.177 0.681,0.185 0.683,0.194 0.708,0.29 0.714,0.303 0.718,0.308 0.722,0.313 0.727,0.317 0.734,0.319 0.746,0.322 0.799,0.33 0.81,0.334 0.817,0.339 0.823,0.344 0.828,0.352 0.83,0.359 0.832,0.368 0.832,0.377 0.83,0.388 0.817,0.481 0.817,0.497 0.818,0.508 0.821,0.518 0.825,0.529 0.877,0.612 0.882,0.624 0.883,0.633 0.884,0.641 0.883,0.65 0.881,0.658 0.877,0.666 0.871,0.674 0.782,0.774 0.702,0.866 0.675,0.897 0.669,0.9 0.662,0.901 0.657,0.9 0.651,0.897 0.646,0.893 0.592,0.831 0.583,0.823 0.542,0.789 0.535,0.785 0.527,0.782 0.518,0.781 0.511,0.782 0.501,0.786 0.494,0.793 0.49,0.801 0.487,0.807 0.487,0.816 0.488,0.824 0.491,0.833 0.496,0.839 0.578,0.905 0.593,0.919 0.597,0.926 0.601,0.936 0.602,0.949 0.601,0.96 0.597,0.969 0.593,0.978 0.586,0.986 0.575,0.993 0.563,0.998 0.55,1 0.537,0.998 0.524,0.993 0.513,0.986 0.22,0.753
imola 0.634,0.06 0.617,0.06 0.506,0.036 0.467,0.032 0.444,0.032 0.328,0.042 0.271,0.056 0.264,0.06 0.261,0.065 0.26,0.068 0.256,0.086 0.253,0.092 0.246,0.097 0.194,0.124 0.186,0.132 0.102,0.341 0.101,0.347 0.101,0.353 0.11,0.386 0.11,0.391 0.107,0.397 0.104,0.401 0.004,0.487 0.001,0.492 0,0.497 0.001,0.504 0.005,0.511 0.01,0.515 0.015,0.517 0.023,0.517 0.184,0.496 0.202,0.495 0.229,0.496 0.249,0.499 0.276,0.504 0.303,0.509 0.317,0.512 0.326,0.51 0.333,0.507 0.342,0.498 0.351,0.482 0.364,0.448 0.367,0.433 0.368,0.417 0.366,0.4 0.346,0.307 0.346,0.301 0.349,0.294 0.36,0.276 0.375,0.253 0.38,0.251 0.386,0.25 0.39,0.252 0.412,0.261 0.418,0.262 0.65,0.26 0.653,0.262 0.656,0.268 0.658,0.275 0.661,0.276 0.666,0.276 0.758,0.238 0.77,0.232 0.808,0.205 0.83,0.185 0.852,0.163 0.904,0.112 0.914,0.105 0.926,0.099 0.994,0.069 0.999,0.064 1,0.056 0.999,0.05 0.978,0.006 0.973,0.002 0.968,0 0.961,0 0.955,0.002 0.863,0.036 0.83,0.049 0.813,0.055 0.797,0.059 0.787,0.061 0.634,0.06
indianapolis 0.005,0.616 0,0.173 0.002,0.166 0.005,0.163 0.011,0.161 0.023,0.161 0.043,0.161 0.051,0.16 0.058,0.157 0.064,0.154 0.07,0.147 0.074,0.139 0.075,0.131 0.074,0.122 0.072,0.098 0.072,0.089 0.073,0.081 0.077,0.067 0.085,0.05 0.094,0.038 0.1,0.032 0.111,0.023 0.132,0.013 0.157,0.002 0.163,0 0.171,0 0.177,0.003 0.188,0.011 0.197,0.021 0.199,0.026 0.202,0.034 0.203,0.041 0.204,0.063 0.204,0.094 0.205,0.118 0.204,0.124 0.201,0.133 0.197,0.141 0.19,0.149 0.107,0.208 0.099,0.217 0.094,0.229 0.094,0.235 0.095,0.246 0.097,0.253 0.105,0.262 0.111,0.268 0.118,0.273 0.127,0.276 0.136,0.277 0.145,0.277 0.157,0.273 0.185,0.254 0.192,0.251 0.198,0.249 0.204,0.25 0.213,0.254 0.221,0.262 0.228,0.275 0.231,0.283 0.231,0.29 0.235,0.647 0.236,0.655 0.237,0.657 0.24,0.664 0.246,0.671 0.254,0.679 0.258,0.681 0.268,0.685 0.276,0.686 0.282,0.687 0.307,0.686 0.318,0.685 0.326,0.686 0.335,0.691 0.34,0.694 0.345,0.699 0.348,0.704 0.351,0.711 0.353,0.718 0.356,0.725 0.359,0.73 0.364,0.734 0.37,0.737 0.376,0.738 0.381,0.739 0.391,0.739 0.441,0.736 0.447,0.738 0.453,0.742 0.456,0.747 0.459,0.752 0.464,0.77 0.467,0.787 0.467,0.797 0.466,0.806 0.46,0.845 0.452,0.896 0.449,0.908 0.445,0.92 0.434,0.936 0.423,0.951 0.412,0.962 0.392,0.975 0.371,0.984 0.355,0.989 0.335,0.992 0.281,0.996 0.211,0.999 0.17,1 0.155,0.998 0.138,0.995 0.126,0.991 0.119,0.988 0.099,0.979 0.087,0.971 0.066,0.956 0.054,0.943 0.048,0.936 0.039,0.924 0.024,0.9 0.014,0.875 0.009,0.85 0.008,0.836 0.006,0.815 0.005,0.616
interlagos 0.061,0.718 0.117,0.934 0.123,0.957 0.129,0.97 0.143,0.99 0.149,0.996 0.159,1 0.169,1 0.18,0.998 0.186,0.995 0.203,0.979 0.22,0.96 0.227,0.955 0.235,0.952 0.244,0.951 0.257,0.955 0.284,0.972 0.306,0.981 0.322,0.985 0.337,0.987 0.35,0.988 0.37,0.985 0.385,0.982 0.403,0.975 0.421,0.965 0.438,0.952 0.452,0.937 0.463,0.922 0.471,0.907 0.478,0.891 0.504,0.803 0.516,0.758 0.535,0.684 0.558,0.588 0.6,0.431 0.615,0.374 0.625,0.335 0.63,0.316 0.632,0.305 0.631,0.294 0.628,0.286 0.622,0.278 0.611,0.27 0.599,0.265 0.581,0.261 0.527,0.251 0.506,0.248 0.493,0.249 0.477,0.251 0.462,0.256 0.449,0.264 0.436,0.271 0.424,0.282 0.411,0.295 0.395,0.316 0.34,0.39 0.308,0.435 0.281,0.474 0.251,0.513 0.235,0.535 0.223,0.552 0.215,0.561 0.205,0.567 0.192,0.572 0.177,0.574 0.155,0.573 0.14,0.571 0.128,0.567 0.118,0.562 0.1,0.552 0.091,0.544 0.085,0.536 0.079,0.525 0.075,0.51 0.069,0.487 0.065,0.466 0.059,0.428 0.058,0.412 0.058,0.396 0.062,0.384 0.068,0.378 0.072,0.376 0.078,0.374 0.085,0.373 0.093,0.375 0.101,0.378 0.122,0.395 0.131,0.4 0.138,0.403 0.145,0.404 0.152,0.405 0.159,0.404 0.169,0.4 0.181,0.39 0.188,0.38 0.192,0.369 0.192,0.36 0.191,0.349 0.187,0.341 0.177,0.327 0.169,0.318 0.139,0.289 0.124,0.272 0.113,0.256 0.105,0.235 0.1,0.209 0.097,0.193 0.095,0.179 0.096,0.167 0.101,0.159 0.105,0.154 0.111,0.152 0.116,0.151 0.122,0.152 0.13,0.155 0.166,0.197 0.198,0.232 0.203,0.236 0.215,0.244 0.226,0.249 0.235,0.252 0.246,0.253 0.256,0.255 0.268,0.255 0.286,0.252 0.3,0.248 0.315,0.239 0.33,0.227 0.339,0.215 0.348,0.203 0.372,0.165 0.399,0.12 0.429,0.071 0.431,0.065 0.431,0.059 0.43,0.052 0.426,0.045 0.419,0.039 0.404,0.03 0.381,0.022 0.334,0.004 0.325,0.002 0.313,0 0.289,0.003 0.269,0.006 0.224,0.016 0.209,0.021 0.179,0.033 0.164,0.04 0.129,0.059 0.116,0.068 0.104,0.079 0.092,0.09 0.082,0.101 0.073,0.115 0.065,0.132 0.059,0.151 0.049,0.188 0.038,0.236 0.03,0.28 0.018,0.328 0.01,0.364 0.003,0.389 0,0.407 0,0.431 0.001,0.46 0.005,0.482 0.01,0.507 0.019,0.544 0.047,0.66 0.061,0.718
istanbul 0.352,0.823 0.507,0.789 0.519,0.783 0.525,0.772 0.523,0.763 0.513,0.722 0.507,0.7 0.507,0.684 0.511,0.661 0.525,0.636 0.548,0.614 0.595,0.586 0.622,0.575 0.655,0.564 0.717,0.552 0.756,0.55 0.778,0.55 0.809,0.555 0.822,0.553 0.837,0.546 0.851,0.532 0.858,0.516 0.861,0.499 0.855,0.449 0.856,0.438 0.864,0.432 0.874,0.432 0.908,0.436 0.937,0.436 0.952,0.432 0.959,0.424 0.961,0.414 0.953,0.369 0.948,0.359 0.937,0.351 0.686,0.223 0.67,0.211 0.664,0.2 0.665,0.189 0.668,0.179 0.675,0.171 0.696,0.159 0.714,0.154 0.73,0.153 0.806,0.167 0.87,0.182 0.902,0.192 0.918,0.195 0.928,0.192 0.978,0.165 0.984,0.156 1,0.108 1,0.096 0.995,0.085 0.976,0.052 0.959,0.032 0.933,0.007 0.921,0.001 0.903,0 0.878,0.003 0.559,0.098 0.541,0.108 0.534,0.116 0.535,0.128 0.547,0.146 0.555,0.162 0.555,0.18 0.453,0.495 0.44,0.511 0.421,0.53 0.009,0.753 0.002,0.761 0,0.772 0.002,0.782 0.01,0.793 0.019,0.796 0.047,0.794 0.054,0.797 0.058,0.803 0.057,0.816 0.049,0.863 0.051,0.872 0.057,0.878 0.066,0.878 0.352,0.823
jacarepagua 0.439,0.075 0.658,0.076 0.688,0.08 0.711,0.091 0.732,0.113 0.744,0.134 0.75,0.158 0.75,0.185 0.745,0.211 0.728,0.232 0.712,0.249 0.689,0.258 0.677,0.259 0.556,0.256 0.535,0.263 0.523,0.275 0.514,0.289 0.51,0.306 0.509,0.452 0.515,0.469 0.524,0.482 0.535,0.493 0.555,0.504 0.572,0.508 0.593,0.509 0.608,0.508 0.633,0.494 0.772,0.397 0.828,0.34 0.841,0.327 0.843,0.316 0.843,0.157 0.85,0.141 0.87,0.131 0.897,0.128 0.928,0.141 0.949,0.148 0.97,0.149 0.987,0.136 1,0.111 0.999,0.086 0.986,0.064 0.966,0.048 0.949,0.041 0.79,0.008 0.354,0 0.078,0.008 0.052,0.017 0.03,0.032 0.015,0.051 0.006,0.074 0,0.097 0,0.116 0.002,0.139 0.006,0.159 0.016,0.177 0.029,0.196 0.046,0.212 0.065,0.225 0.095,0.235 0.133,0.243 0.162,0.252 0.172,0.262 0.183,0.279 0.185,0.295 0.182,0.315 0.157,0.45 0.156,0.464 0.156,0.482 0.16,0.495 0.167,0.51 0.175,0.523 0.186,0.532 0.301,0.62 0.315,0.625 0.329,0.626 0.347,0.621 0.362,0.612 0.376,0.593 0.381,0.578 0.386,0.269 0.38,0.254 0.369,0.244 0.353,0.235 0.099,0.175 0.085,0.162 0.076,0.145 0.072,0.128 0.079,0.108 0.087,0.093 0.102,0.081 0.124,0.074 0.439,0.075
jeddah 0.158,0.77 0.107,0.621 0.104,0.618 0.102,0.618 0.09,0.622 0.087,0.621 0.084,0.619 0.082,0.616 0.081,0.612 0.083,0.601 0.091,0.574 0.092,0.57 0.093,0.562 0.089,0.541 0.078,0.474 0.077,0.46 0.074,0.456 0.062,0.451 0.057,0.448 0.052,0.444 0.047,0.434 0.043,0.425 0.043,0.413 0.044,0.404 0.047,0.399 0.055,0.387 0.058,0.38 0.059,0.373 0.059,0.362 0.054,0.344 0.049,0.336 0.046,0.333 0.038,0.328 0.034,0.325 0.031,0.321 0.029,0.313 0.03,0.278 0.031,0.27 0.038,0.261 0.044,0.257 0.058,0.252 0.063,0.249 0.067,0.242 0.07,0.226 0.072,0.214 0.078,0.196 0.082,0.185 0.085,0.167 0.086,0.155 0.085,0.141 0.084,0.087 0.079,0.017 0.078,0.012 0.074,0.006 0.069,0.003 0.061,0 0.053,0.001 0.047,0.004 0.042,0.008 0.037,0.016 0.035,0.028 0.036,0.038 0.038,0.047 0.05,0.067 0.056,0.077 0.062,0.092 0.064,0.101 0.065,0.114 0.065,0.123 0.063,0.135 0.059,0.147 0.055,0.157 0.049,0.169 0.043,0.181 0.041,0.194 0.041,0.203 0.041,0.21 0.039,0.215 0.035,0.219 0.029,0.222 0.017,0.226 0.008,0.234 0.004,0.24 0.003,0.246 0.001,0.257 0,0.27 0,0.279 0.001,0.289 0.002,0.299 0.007,0.313 0.018,0.337 0.026,0.355 0.03,0.371 0.031,0.385 0.031,0.399 0.03,0.407 0.03,0.425 0.031,0.43 0.032,0.438 0.037,0.453 0.041,0.462 0.047,0.472 0.057,0.487 0.063,0.498 0.068,0.511 0.073,0.529 0.075,0.543 0.076,0.558 0.075,0.572 0.074,0.585 0.071,0.602 0.069,0.608 0.067,0.613 0.067,0.618 0.069,0.623 0.073,0.629 0.077,0.632 0.086,0.64 0.091,0.646 0.095,0.654 0.101,0.683 0.101,0.691 0.099,0.699 0.092,0.711 0.072,0.751 0.067,0.763 0.063,0.777 0.062,0.787 0.061,0.796 0.063,0.817 0.068,0.837 0.072,0.85 0.075,0.862 0.08,0.877 0.087,0.893 0.097,0.912 0.104,0.922 0.113,0.934 0.126,0.949 0.143,0.963 0.158,0.974 0.19,0.996 0.199,1 0.205,0.998 0.21,0.995 0.214,0.989 0.213,0.983 0.205,0.945 0.189,0.867 0.18,0.837 0.172,0.812 0.158,0.77
kyalami 0.655,0.42 0.769,0.294 0.784,0.283 0.975,0.159 0.996,0.141 1,0.132 0.997,0.121 0.99,0.114 0.985,0.111 0.918,0.098 0.908,0.092 0.899,0.084 0.875,0.038 0.86,0.025 0.821,0.002 0.813,0 0.803,0.002 0.797,0.007 0.742,0.084 0.614,0.262 0.6,0.274 0.583,0.284 0.564,0.291 0.546,0.292 0.528,0.29 0.509,0.284 0.495,0.274 0.483,0.263 0.409,0.158 0.401,0.153 0.391,0.15 0.379,0.15 0.368,0.154 0.36,0.162 0.272,0.284 0.268,0.293 0.266,0.302 0.266,0.314 0.267,0.324 0.27,0.333 0.281,0.351 0.284,0.361 0.285,0.373 0.283,0.383 0.28,0.395 0.274,0.406 0.268,0.416 0.261,0.423 0.248,0.433 0.24,0.437 0.151,0.472 0.141,0.473 0.088,0.479 0.012,0.502 0.004,0.508 0,0.518 0,0.527 0.006,0.537 0.034,0.553 0.051,0.557 0.065,0.555 0.26,0.467 0.275,0.458 0.292,0.444 0.305,0.427 0.315,0.405 0.32,0.388 0.328,0.318 0.336,0.29 0.357,0.242 0.369,0.235 0.382,0.236 0.394,0.246 0.41,0.28 0.425,0.301 0.44,0.318 0.469,0.343 0.497,0.363 0.5,0.372 0.501,0.381 0.515,0.533 0.52,0.543 0.53,0.546 0.54,0.545 0.553,0.534 0.655,0.42
losail 0.149,0.605 0.044,0.413 0.003,0.339 0,0.325 0.002,0.311 0.007,0.299 0.015,0.291 0.028,0.284 0.042,0.281 0.056,0.284 0.161,0.347 0.171,0.35 0.184,0.351 0.199,0.346 0.211,0.335 0.218,0.322 0.22,0.31 0.218,0.218 0.219,0.206 0.223,0.195 0.228,0.185 0.235,0.177 0.384,0.011 0.392,0.005 0.405,0.001 0.417,0 0.43,0.003 0.439,0.009 0.484,0.051 0.489,0.06 0.491,0.073 0.491,0.083 0.488,0.094 0.481,0.103 0.384,0.21 0.38,0.217 0.38,0.226 0.382,0.233 0.387,0.239 0.394,0.243 0.403,0.244 0.41,0.242 0.419,0.238 0.588,0.171 0.599,0.17 0.613,0.171 0.624,0.177 0.633,0.186 0.639,0.197 0.641,0.208 0.641,0.218 0.638,0.228 0.631,0.239 0.625,0.244 0.612,0.255 0.597,0.272 0.585,0.289 0.575,0.307 0.566,0.328 0.562,0.343 0.557,0.368 0.552,0.379 0.545,0.388 0.537,0.394 0.527,0.398 0.431,0.422 0.422,0.427 0.416,0.433 0.412,0.442 0.411,0.451 0.412,0.465 0.423,0.479 0.441,0.497 0.468,0.518 0.497,0.534 0.527,0.545 0.556,0.551 0.585,0.554 0.616,0.551 0.76,0.535 0.773,0.537 0.788,0.545 0.8,0.554 0.811,0.569 0.844,0.631 0.847,0.641 0.847,0.651 0.846,0.661 0.839,0.674 0.787,0.758 0.78,0.764 0.771,0.768 0.761,0.771 0.747,0.771 0.582,0.737 0.57,0.737 0.558,0.741 0.548,0.748 0.541,0.756 0.426,0.98 0.417,0.991 0.407,0.998 0.391,1 0.38,0.999 0.369,0.994 0.357,0.984 0.149,0.605
madring 0.393,0.945 0.29,0.963 0.284,0.967 0.283,0.99 0.28,0.994 0.263,0.997 0.244,1 0.227,0.999 0.206,0.99 0.191,0.976 0.112,0.849 0.07,0.783 0.057,0.757 0.049,0.739 0.045,0.728 0.037,0.695 0.032,0.659 0.034,0.632 0.038,0.602 0.048,0.575 0.058,0.558 0.062,0.552 0.062,0.548 0.056,0.544 0.051,0.539 0.052,0.534 0.056,0.528 0.059,0.521 0.057,0.508 0.05,0.483 0.044,0.466 0.035,0.452 0.028,0.442 0.024,0.43 0.013,0.387 0.007,0.371 0,0.364 0,0.358 0.006,0.353 0.017,0.345 0.023,0.336 0.023,0.326 0.019,0.315 0.002,0.284 0.001,0.275 0,0.216 0.002,0.193 0.008,0.183 0.023,0.172 0.04,0.158 0.046,0.145 0.046,0.13 0.044,0.121 0.024,0.071 0.022,0.055 0.023,0.039 0.03,0.024 0.041,0.011 0.057,0.003 0.075,0 0.094,0.001 0.112,0.01 0.13,0.026 0.141,0.045 0.144,0.066 0.143,0.085 0.135,0.106 0.124,0.125 0.119,0.135 0.063,0.204 0.035,0.247 0.032,0.254 0.035,0.265 0.046,0.276 0.086,0.304 0.103,0.318 0.11,0.33 0.113,0.342 0.113,0.403 0.115,0.415 0.122,0.429 0.131,0.443 0.141,0.454 0.155,0.463 0.171,0.468 0.246,0.468 0.259,0.462 0.272,0.455 0.279,0.453 0.284,0.458 0.305,0.489 0.33,0.533 0.335,0.544 0.342,0.554 0.354,0.561 0.365,0.563 0.409,0.558 0.43,0.558 0.451,0.565 0.466,0.579 0.472,0.592 0.497,0.729 0.499,0.745 0.502,0.753 0.511,0.755 0.524,0.745 0.532,0.743 0.584,0.737 0.589,0.742 0.599,0.776 0.61,0.821 0.62,0.88 0.621,0.896 0.612,0.906 0.599,0.909 0.393,0.945
magny_cours 0.268,0.465 0.418,0.344 0.43,0.324 0.435,0.307 0.437,0.252 0.436,0.181 0.431,0.168 0.417,0.141 0.41,0.109 0.411,0.087 0.414,0.076 0.423,0.053 0.437,0.035 0.452,0.021 0.466,0.011 0.488,0.003 0.511,0 0.532,0.001 0.555,0.008 0.572,0.019 0.585,0.031 0.599,0.052 0.633,0.123 0.649,0.165 0.657,0.197 0.661,0.222 0.676,0.47 0.676,0.496 0.673,0.545 0.666,0.584 0.578,0.908 0.573,0.918 0.563,0.919 0.557,0.915 0.553,0.906 0.539,0.812 0.557,0.684 0.56,0.667 0.554,0.408 0.556,0.4 0.562,0.391 0.582,0.373 0.591,0.36 0.598,0.339 0.6,0.319 0.599,0.28 0.591,0.227 0.576,0.175 0.564,0.155 0.548,0.14 0.53,0.134 0.508,0.138 0.498,0.149 0.492,0.159 0.492,0.174 0.496,0.186 0.516,0.217 0.521,0.229 0.526,0.251 0.528,0.277 0.522,0.302 0.5,0.373 0.495,0.394 0.492,0.414 0.496,0.726 0.491,0.737 0.452,0.78 0.448,0.79 0.447,0.82 0.447,0.839 0.451,0.876 0.456,0.897 0.483,0.988 0.48,0.994 0.461,1 0.442,0.998 0.424,0.99 0.397,0.971 0.373,0.95 0.347,0.918 0.25,0.806 0.227,0.783 0.189,0.755 0.153,0.738 0.005,0.689 0,0.683 0,0.675 0.016,0.644 0.05,0.606 0.061,0.599 0.069,0.604 0.077,0.611 0.084,0.612 0.107,0.595 0.268,0.465
marina_bay 0.978,0.247 0.998,0.399 1,0.418 0.998,0.428 0.993,0.437 0.968,0.474 0.964,0.48 0.959,0.483 0.953,0.483 0.94,0.483 0.877,0.479 0.781,0.469 0.769,0.466 0.761,0.461 0.755,0.454 0.75,0.441 0.749,0.428 0.749,0.42 0.747,0.416 0.734,0.415 0.72,0.415 0.649,0.411 0.449,0.4 0.425,0.397 0.408,0.393 0.39,0.384 0.319,0.322 0.289,0.296 0.284,0.292 0.277,0.291 0.268,0.292 0.261,0.297 0.256,0.301 0.244,0.34 0.237,0.37 0.22,0.458 0.185,0.636 0.183,0.64 0.181,0.643 0.176,0.647 0.17,0.648 0.163,0.648 0.16,0.647 0.151,0.636 0.143,0.625 0.137,0.611 0.131,0.605 0.1,0.58 0.085,0.566 0.075,0.557 0.069,0.549 0.063,0.528 0.064,0.519 0.066,0.512 0.07,0.503 0.068,0.498 0.06,0.495 0.046,0.49 0.033,0.483 0.018,0.472 0.007,0.462 0.002,0.453 0,0.441 0,0.43 0.012,0.41 0.059,0.325 0.121,0.215 0.132,0.195 0.142,0.185 0.146,0.182 0.16,0.179 0.172,0.187 0.188,0.198 0.252,0.265 0.258,0.268 0.263,0.267 0.267,0.258 0.293,0.209 0.327,0.151 0.333,0.142 0.339,0.14 0.35,0.145 0.356,0.148 0.536,0.253 0.566,0.264 0.586,0.268 0.84,0.283 0.85,0.281 0.863,0.275 0.874,0.268 0.881,0.255 0.882,0.243 0.88,0.215 0.873,0.178 0.851,0.116 0.845,0.103 0.841,0.092 0.839,0.079 0.839,0.062 0.842,0.024 0.849,0.01 0.858,0.001 0.865,0 0.872,0.002 0.879,0.01 0.883,0.016 0.887,0.021 0.894,0.027 0.91,0.035 0.924,0.039 0.941,0.037 0.95,0.041 0.954,0.047 0.957,0.057 0.963,0.14 0.978,0.247
miami 0.494,0.111 0.63,0.196 0.632,0.203 0.631,0.208 0.627,0.216 0.598,0.238 0.589,0.248 0.586,0.265 0.589,0.284 0.586,0.307 0.579,0.322 0.553,0.343 0.523,0.353 0.503,0.357 0.475,0.358 0.452,0.354 0.426,0.342 0.292,0.262 0.272,0.25 0.263,0.248 0.251,0.248 0.24,0.249 0.226,0.254 0.213,0.26 0.201,0.27 0.188,0.279 0.171,0.282 0.156,0.28 0.14,0.272 0.124,0.259 0.11,0.245 0.094,0.237 0.078,0.234 0.059,0.237 0.041,0.243 0.026,0.25 0.015,0.26 0.004,0.277 0,0.294 0,0.309 0.004,0.319 0.009,0.326 0.02,0.332 0.033,0.332 0.05,0.328 0.068,0.328 0.106,0.336 0.175,0.35 0.246,0.348 0.355,0.344 0.386,0.353 0.423,0.367 0.453,0.377 0.493,0.39 0.535,0.397 0.577,0.398 0.622,0.39 0.662,0.376 0.754,0.342 0.808,0.322 0.834,0.311 0.9,0.275 0.935,0.253 0.943,0.243 0.94,0.235 0.934,0.229 0.917,0.219 0.906,0.21 0.9,0.198 0.899,0.185 0.902,0.169 0.911,0.16 0.921,0.156 0.952,0.158 0.967,0.156 0.974,0.152 0.984,0.142 1,0.113 0.999,0.107 0.991,0.104 0.984,0.099 0.984,0.088 0.997,0.047 0.996,0.04 0.99,0.036 0.958,0.033 0.498,0.017 0.132,0 0.121,0.003 0.119,0.011 0.123,0.022 0.135,0.033 0.155,0.048 0.176,0.059 0.194,0.064 0.209,0.063 0.228,0.056 0.271,0.035 0.295,0.029 0.325,0.026 0.355,0.03 0.383,0.042 0.494,0.111
monaco 0.493,0.195 0.492,0.185 0.494,0.176 0.5,0.163 0.505,0.154 0.523,0.132 0.612,0.011 0.618,0.003 0.627,0 0.638,0.003 0.646,0.01 0.652,0.02 0.653,0.031 0.653,0.04 0.654,0.048 0.659,0.057 0.664,0.064 0.674,0.078 0.681,0.091 0.683,0.098 0.687,0.103 0.692,0.104 0.698,0.102 0.703,0.097 0.704,0.091 0.701,0.085 0.694,0.079 0.67,0.05 0.667,0.043 0.667,0.036 0.669,0.03 0.671,0.025 0.682,0.02 0.699,0.016 0.708,0.012 0.718,0.008 0.731,0.004 0.745,0.003 0.752,0.007 0.755,0.018 0.752,0.086 0.742,0.156 0.731,0.201 0.719,0.233 0.698,0.269 0.674,0.3 0.64,0.338 0.59,0.368 0.56,0.382 0.503,0.409 0.465,0.422 0.409,0.436 0.372,0.441 0.353,0.445 0.35,0.451 0.349,0.456 0.348,0.461 0.346,0.467 0.337,0.47 0.326,0.472 0.313,0.464 0.306,0.464 0.204,0.477 0.154,0.485 0.107,0.492 0.094,0.494 0.086,0.495 0.079,0.502 0.07,0.521 0.061,0.54 0.055,0.558 0.052,0.571 0.049,0.594 0.049,0.634 0.049,0.644 0.052,0.651 0.058,0.657 0.071,0.666 0.079,0.674 0.083,0.683 0.084,0.695 0.099,0.779 0.103,0.794 0.104,0.799 0.103,0.805 0.1,0.81 0.091,0.816 0.083,0.82 0.081,0.825 0.083,0.837 0.092,0.865 0.101,0.885 0.109,0.901 0.124,0.923 0.143,0.941 0.157,0.949 0.172,0.957 0.18,0.96 0.184,0.964 0.188,0.978 0.186,0.985 0.179,0.989 0.148,0.997 0.131,1 0.12,1 0.11,0.999 0.103,0.994 0.099,0.99 0.099,0.98 0.098,0.973 0.095,0.964 0.077,0.942 0.065,0.922 0.055,0.906 0.044,0.877 0.021,0.797 0.015,0.771 0.01,0.743 0.005,0.702 0,0.649 0,0.615 0.001,0.588 0.004,0.561 0.009,0.542 0.015,0.525 0.018,0.514 0.019,0.505 0.019,0.491 0.019,0.482 0.021,0.477 0.029,0.473 0.046,0.469 0.062,0.469 0.083,0.466 0.113,0.462 0.139,0.457 0.206,0.438 0.244,0.427 0.278,0.422 0.302,0.42 0.32,0.413 0.374,0.388 0.397,0.378 0.431,0.371 0.46,0.367 0.487,0.362 0.502,0.357 0.521,0.345 0.537,0.328 0.546,0.314 0.55,0.299 0.549,0.284 0.547,0.269 0.541,0.253 0.533,0.238 0.521,0.228 0.51,0.218 0.504,0.213 0.499,0.207 0.493,0.195
monza 0.019,0.635 0.036,0.437 0.043,0.355 0.044,0.351 0.047,0.349 0.049,0.349 0.053,0.349 0.056,0.349 0.06,0.349 0.062,0.347 0.063,0.345 0.064,0.343 0.064,0.341 0.052,0.295 0.05,0.283 0.05,0.272 0.051,0.26 0.055,0.201 0.057,0.191 0.059,0.182 0.062,0.173 0.066,0.162 0.071,0.152 0.078,0.141 0.086,0.131 0.096,0.121 0.107,0.111 0.119,0.102 0.132,0.095 0.146,0.088 0.161,0.083 0.177,0.078 0.195,0.075 0.214,0.073 0.287,0.067 0.376,0.062 0.381,0.061 0.384,0.06 0.386,0.057 0.389,0.047 0.39,0.044 0.393,0.042 0.396,0.041 0.408,0.039 0.421,0.036 0.44,0.03 0.524,0.002 0.531,0 0.538,0 0.544,0.001 0.549,0.003 0.553,0.006 0.557,0.009 0.563,0.015 0.566,0.019 0.568,0.025 0.569,0.031 0.573,0.071 0.579,0.138 0.579,0.144 0.578,0.148 0.576,0.152 0.574,0.154 0.569,0.157 0.514,0.187 0.47,0.212 0.442,0.227 0.429,0.235 0.414,0.245 0.403,0.254 0.393,0.262 0.345,0.303 0.311,0.334 0.238,0.398 0.194,0.437 0.188,0.443 0.186,0.447 0.186,0.45 0.186,0.455 0.187,0.465 0.188,0.471 0.188,0.479 0.187,0.483 0.185,0.489 0.183,0.495 0.178,0.502 0.173,0.508 0.166,0.514 0.161,0.518 0.158,0.521 0.156,0.526 0.154,0.534 0.15,0.57 0.145,0.609 0.109,0.958 0.107,0.97 0.106,0.976 0.103,0.982 0.099,0.987 0.094,0.992 0.088,0.996 0.08,0.999 0.072,1 0.065,0.999 0.059,0.998 0.051,0.995 0.044,0.992 0.038,0.988 0.031,0.983 0.024,0.975 0.019,0.968 0.014,0.96 0.011,0.951 0.007,0.941 0.004,0.93 0.003,0.921 0.002,0.908 0.001,0.894 0.001,0.881 0,0.856 0,0.834 0,0.81 0.003,0.778 0.014,0.678 0.019,0.635
mugello 0.349,0.484 0.375,0.426 0.399,0.376 0.448,0.293 0.488,0.224 0.522,0.147 0.569,0.027 0.576,0.015 0.583,0.008 0.591,0.003 0.607,0 0.621,0.002 0.632,0.009 0.64,0.019 0.646,0.03 0.646,0.053 0.643,0.077 0.63,0.145 0.63,0.153 0.632,0.161 0.636,0.17 0.643,0.177 0.662,0.188 0.693,0.208 0.7,0.218 0.704,0.23 0.705,0.24 0.705,0.251 0.701,0.263 0.693,0.276 0.557,0.483 0.554,0.491 0.553,0.498 0.554,0.505 0.555,0.511 0.559,0.522 0.573,0.552 0.576,0.563 0.576,0.571 0.575,0.58 0.572,0.589 0.568,0.595 0.558,0.61 0.428,0.768 0.422,0.773 0.415,0.778 0.407,0.781 0.401,0.783 0.393,0.783 0.324,0.783 0.316,0.784 0.3,0.79 0.289,0.798 0.28,0.805 0.273,0.815 0.266,0.828 0.261,0.84 0.23,0.928 0.225,0.941 0.219,0.954 0.211,0.968 0.203,0.977 0.191,0.987 0.18,0.993 0.165,0.998 0.151,1 0.136,0.999 0.117,0.995 0.108,0.993 0.097,0.989 0.037,0.957 0.026,0.95 0.016,0.939 0.009,0.929 0.003,0.916 0,0.9 0,0.888 0.002,0.866 0.039,0.673 0.042,0.666 0.047,0.656 0.055,0.65 0.064,0.646 0.077,0.644 0.123,0.643 0.132,0.641 0.14,0.638 0.148,0.632 0.157,0.62 0.163,0.606 0.228,0.379 0.232,0.368 0.239,0.356 0.248,0.347 0.258,0.342 0.269,0.339 0.28,0.339 0.294,0.342 0.307,0.35 0.315,0.361 0.32,0.372 0.322,0.387 0.32,0.4 0.314,0.417 0.295,0.445 0.255,0.495 0.251,0.503 0.249,0.511 0.248,0.522 0.248,0.571 0.246,0.578 0.237,0.593 0.06,0.832 0.056,0.841 0.051,0.852 0.05,0.861 0.05,0.879 0.053,0.89 0.061,0.904 0.071,0.913 0.087,0.922 0.099,0.923 0.117,0.922 0.133,0.916 0.148,0.906 0.162,0.891 0.178,0.868 0.231,0.75 0.349,0.484
nurburgring 0.626,0.158 0.444,0.343 0.407,0.38 0.389,0.394 0.371,0.407 0.332,0.434 0.323,0.436 0.318,0.433 0.315,0.426 0.317,0.417 0.323,0.396 0.331,0.378 0.349,0.347 0.35,0.339 0.35,0.33 0.346,0.319 0.339,0.31 0.332,0.303 0.324,0.299 0.314,0.297 0.307,0.297 0.265,0.303 0.246,0.309 0.229,0.314 0.217,0.322 0.21,0.328 0.207,0.334 0.207,0.344 0.209,0.353 0.217,0.361 0.228,0.364 0.248,0.363 0.259,0.364 0.266,0.367 0.272,0.374 0.273,0.382 0.271,0.402 0.268,0.432 0.26,0.481 0.255,0.505 0.251,0.526 0.247,0.541 0.231,0.59 0.216,0.638 0.211,0.652 0.21,0.66 0.21,0.667 0.212,0.676 0.215,0.684 0.22,0.692 0.228,0.699 0.233,0.702 0.255,0.713 0.281,0.725 0.288,0.731 0.293,0.737 0.295,0.743 0.295,0.75 0.294,0.754 0.292,0.763 0.283,0.771 0.251,0.788 0.207,0.812 0.187,0.826 0.166,0.841 0.134,0.87 0.117,0.886 0.102,0.906 0.086,0.925 0.073,0.946 0.047,0.988 0.039,0.997 0.03,1 0.023,1 0.014,0.997 0.007,0.992 0.002,0.985 0,0.976 0,0.968 0.003,0.959 0.017,0.946 0.124,0.839 0.136,0.826 0.141,0.819 0.146,0.809 0.149,0.797 0.149,0.781 0.147,0.767 0.14,0.745 0.138,0.733 0.138,0.714 0.141,0.699 0.188,0.552 0.209,0.488 0.216,0.463 0.214,0.454 0.209,0.445 0.206,0.44 0.201,0.438 0.12,0.402 0.11,0.394 0.105,0.386 0.103,0.377 0.102,0.363 0.104,0.355 0.109,0.345 0.12,0.331 0.189,0.248 0.257,0.165 0.264,0.159 0.274,0.152 0.286,0.146 0.335,0.132 0.552,0.075 0.555,0.073 0.555,0.068 0.553,0.061 0.551,0.053 0.553,0.047 0.562,0.041 0.599,0.025 0.621,0.018 0.7,0 0.711,0 0.722,0.005 0.73,0.014 0.734,0.021 0.735,0.029 0.735,0.04 0.731,0.05 0.628,0.156 0.628,0.156 0.626,0.158
portimao 0.095,0.42 0.018,0.156 0.001,0.093 0,0.085 0.004,0.078 0.012,0.07 0.022,0.063 0.071,0.027 0.105,0.003 0.116,0 0.125,0.001 0.235,0.027 0.241,0.033 0.243,0.039 0.244,0.044 0.242,0.051 0.236,0.058 0.173,0.095 0.164,0.103 0.156,0.114 0.153,0.121 0.15,0.133 0.152,0.151 0.271,0.569 0.277,0.588 0.285,0.595 0.294,0.595 0.302,0.59 0.307,0.582 0.308,0.566 0.321,0.443 0.323,0.419 0.32,0.391 0.314,0.371 0.306,0.353 0.245,0.238 0.242,0.225 0.244,0.211 0.248,0.199 0.259,0.184 0.305,0.129 0.312,0.126 0.32,0.125 0.332,0.127 0.341,0.134 0.346,0.142 0.383,0.395 0.385,0.406 0.391,0.42 0.396,0.431 0.409,0.446 0.428,0.458 0.552,0.522 0.562,0.532 0.574,0.549 0.585,0.578 0.587,0.59 0.585,0.6 0.581,0.606 0.573,0.613 0.441,0.654 0.432,0.658 0.42,0.668 0.407,0.683 0.397,0.701 0.393,0.721 0.377,0.827 0.378,0.837 0.383,0.844 0.392,0.853 0.405,0.854 0.415,0.852 0.42,0.849 0.502,0.749 0.514,0.743 0.527,0.74 0.543,0.744 0.556,0.756 0.565,0.769 0.569,0.778 0.573,0.798 0.573,0.809 0.57,0.822 0.564,0.834 0.548,0.857 0.465,0.957 0.447,0.973 0.431,0.983 0.418,0.989 0.398,0.996 0.379,1 0.355,1 0.337,0.997 0.318,0.992 0.3,0.983 0.281,0.973 0.266,0.958 0.254,0.944 0.24,0.924 0.097,0.428 0.095,0.42
red_bull_ring 0.667,0.565 0.598,0.584 0.427,0.63 0.415,0.631 0.407,0.624 0.394,0.598 0.352,0.542 0.307,0.477 0.271,0.42 0.239,0.364 0.186,0.248 0.171,0.217 0.149,0.181 0.114,0.139 0.056,0.081 0.003,0.028 0,0.021 0,0.013 0.006,0.009 0.02,0.007 0.064,0.002 0.107,0 0.152,0 0.195,0.005 0.245,0.013 0.397,0.042 0.466,0.051 0.615,0.057 0.628,0.062 0.635,0.07 0.638,0.079 0.637,0.089 0.633,0.098 0.618,0.119 0.607,0.134 0.585,0.153 0.561,0.166 0.532,0.175 0.501,0.18 0.468,0.178 0.34,0.158 0.323,0.16 0.309,0.165 0.297,0.173 0.286,0.185 0.28,0.198 0.276,0.213 0.275,0.226 0.277,0.241 0.281,0.252 0.343,0.36 0.353,0.371 0.37,0.381 0.389,0.386 0.407,0.384 0.426,0.376 0.438,0.366 0.45,0.351 0.462,0.337 0.474,0.324 0.488,0.314 0.506,0.304 0.529,0.295 0.554,0.29 0.752,0.286 0.904,0.282 0.92,0.282 0.936,0.288 0.949,0.297 0.959,0.31 0.967,0.327 0.998,0.432 1,0.442 0.998,0.449 0.995,0.454 0.983,0.464 0.966,0.473 0.946,0.484 0.922,0.494 0.894,0.503 0.667,0.565
ricard 0.524,0.356 0.641,0.445 0.7,0.491 0.704,0.492 0.707,0.492 0.71,0.49 0.712,0.488 0.712,0.485 0.713,0.454 0.714,0.447 0.715,0.444 0.718,0.44 0.722,0.435 0.728,0.43 0.734,0.427 0.741,0.425 0.748,0.424 0.756,0.425 0.764,0.427 0.769,0.431 0.774,0.435 0.784,0.445 0.793,0.454 0.803,0.462 0.814,0.468 0.825,0.473 0.837,0.476 0.848,0.478 0.861,0.48 0.875,0.48 0.885,0.478 0.896,0.475 0.907,0.472 0.917,0.468 0.926,0.463 0.932,0.459 0.937,0.456 0.942,0.455 0.947,0.455 0.952,0.456 0.957,0.459 0.961,0.462 0.964,0.466 0.965,0.47 0.967,0.474 0.968,0.481 0.968,0.489 0.966,0.494 0.964,0.5 0.961,0.506 0.959,0.51 0.936,0.539 0.929,0.549 0.922,0.561 0.915,0.574 0.911,0.582 0.91,0.587 0.909,0.591 0.91,0.596 0.912,0.6 0.914,0.604 0.918,0.609 0.923,0.613 0.93,0.618 0.937,0.622 0.944,0.624 0.951,0.624 0.957,0.624 0.964,0.623 0.97,0.62 0.976,0.617 0.981,0.614 0.985,0.611 0.989,0.607 0.992,0.603 0.995,0.597 0.998,0.592 0.999,0.587 1,0.581 1,0.576 1,0.47 1,0.463 0.999,0.457 0.998,0.452 0.996,0.445 0.993,0.438 0.99,0.432 0.986,0.427 0.981,0.421 0.975,0.415 0.969,0.41 0.964,0.406 0.958,0.403 0.953,0.401 0.912,0.385 0.862,0.366 0.814,0.348 0.758,0.327 0.707,0.308 0.701,0.305 0.695,0.302 0.653,0.273 0.645,0.267 0.641,0.263 0.629,0.245 0.626,0.242 0.621,0.239 0.617,0.238 0.613,0.238 0.61,0.24 0.607,0.242 0.59,0.257 0.587,0.26 0.583,0.261 0.579,0.26 0.533,0.243 0.387,0.188 0.328,0.166 0.153,0.1 0.112,0.085 0.107,0.083 0.104,0.08 0.102,0.078 0.1,0.075 0.098,0.071 0.096,0.067 0.087,0.045 0.084,0.041 0.082,0.036 0.078,0.031 0.074,0.025 0.07,0.021 0.063,0.015 0.056,0.009 0.05,0.005 0.043,0.002 0.036,0 0.032,0 0.028,0.001 0.023,0.002 0.019,0.005 0.016,0.008 0.013,0.01 0.012,0.014 0.001,0.046 0,0.05 0,0.052 0.001,0.055 0.003,0.057 0.006,0.058 0.013,0.058 0.034,0.054 0.041,0.054 0.047,0.055 0.052,0.057 0.056,0.06 0.059,0.064 0.061,0.067 0.063,0.071 0.063,0.075 0.064,0.078 0.063,0.082 0.061,0.094 0.061,0.097 0.062,0.101 0.063,0.104 0.066,0.106 0.07,0.11 0.095,0.125 0.116,0.136 0.134,0.144 0.15,0.151 0.159,0.155 0.168,0.16 0.177,0.167 0.19,0.175 0.207,0.189 0.22,0.199 0.229,0.207 0.24,0.219 0.245,0.223 0.252,0.226 0.277,0.24 0.284,0.243 0.29,0.244 0.296,0.243 0.301,0.241 0.307,0.238 0.31,0.234 0.314,0.229 0.317,0.225 0.321,0.222 0.325,0.22 0.33,0.22 0.336,0.22 0.342,0.22 0.348,0.222 0.351,0.224 0.376,0.243 0.409,0.269 0.447,0.296 0.483,0.325 0.524,0.356
rodriguez 0.183,0.014 0.431,0.049 0.511,0.059 0.596,0.067 0.637,0.072 0.742,0.087 0.926,0.114 0.964,0.122 0.97,0.124 0.974,0.127 0.975,0.132 0.976,0.136 0.969,0.182 0.97,0.186 0.972,0.189 0.991,0.2 0.997,0.203 1,0.207 1,0.212 0.996,0.24 0.99,0.266 0.981,0.29 0.97,0.312 0.886,0.456 0.784,0.614 0.778,0.625 0.777,0.632 0.778,0.637 0.781,0.641 0.812,0.66 0.815,0.663 0.815,0.667 0.813,0.671 0.808,0.676 0.751,0.719 0.746,0.721 0.741,0.722 0.737,0.72 0.726,0.714 0.725,0.71 0.725,0.701 0.75,0.5 0.75,0.493 0.747,0.488 0.744,0.483 0.738,0.479 0.707,0.46 0.697,0.45 0.69,0.444 0.684,0.431 0.677,0.413 0.67,0.402 0.662,0.395 0.654,0.389 0.642,0.384 0.549,0.37 0.539,0.367 0.532,0.361 0.529,0.357 0.527,0.352 0.515,0.315 0.511,0.308 0.505,0.301 0.49,0.292 0.421,0.255 0.401,0.246 0.372,0.239 0.142,0.206 0.137,0.204 0.134,0.201 0.132,0.197 0.132,0.19 0.128,0.131 0.123,0.09 0.121,0.085 0.118,0.082 0.113,0.08 0.107,0.081 0.101,0.086 0.092,0.099 0.088,0.102 0.082,0.105 0.076,0.104 0.068,0.101 0.06,0.097 0.052,0.094 0.013,0.09 0.006,0.088 0.003,0.085 0,0.081 0,0.076 0.003,0.065 0.008,0.05 0.015,0.037 0.026,0.023 0.039,0.012 0.055,0.004 0.069,0 0.083,0 0.104,0.003 0.183,0.014
sepang 0.293,0.443 0.034,0.464 0.023,0.463 0.012,0.458 0.004,0.45 0,0.44 0,0.428 0.004,0.415 0.014,0.406 0.028,0.402 0.044,0.405 0.073,0.415 0.083,0.414 0.092,0.406 0.094,0.395 0.092,0.382 0.083,0.369 0.063,0.344 0.054,0.329 0.049,0.311 0.046,0.293 0.046,0.273 0.051,0.223 0.059,0.2 0.071,0.176 0.083,0.16 0.103,0.143 0.123,0.13 0.144,0.122 0.262,0.083 0.35,0.048 0.41,0.023 0.448,0.005 0.461,0 0.471,0 0.48,0.006 0.483,0.016 0.499,0.108 0.509,0.156 0.523,0.213 0.534,0.235 0.545,0.251 0.565,0.267 0.585,0.278 0.604,0.282 0.624,0.283 0.646,0.28 0.668,0.271 0.684,0.26 0.715,0.227 0.73,0.217 0.754,0.209 0.774,0.208 0.795,0.211 0.811,0.218 0.825,0.229 0.999,0.428 1,0.437 0.996,0.448 0.966,0.515 0.958,0.521 0.947,0.523 0.788,0.533 0.639,0.55 0.558,0.563 0.55,0.57 0.548,0.58 0.554,0.592 0.613,0.624 0.625,0.637 0.634,0.656 0.639,0.676 0.638,0.704 0.634,0.727 0.629,0.751 0.615,0.78 0.594,0.81 0.583,0.817 0.572,0.819 0.56,0.817 0.55,0.811 0.368,0.661 0.355,0.656 0.339,0.655 0.321,0.659 0.255,0.693 0.237,0.699 0.216,0.702 0.197,0.702 0.163,0.695 0.139,0.686 0.124,0.674 0.104,0.647 0.097,0.627 0.096,0.615 0.104,0.601 0.122,0.593 0.844,0.46 0.854,0.451 0.862,0.434 0.858,0.419 0.845,0.406 0.823,0.402 0.293,0.443
shanghai 0.265,0.785 0.19,0.804 0.176,0.805 0.16,0.805 0.145,0.801 0.135,0.796 0.122,0.788 0.112,0.779 0.105,0.769 0.099,0.758 0.095,0.746 0.094,0.734 0.095,0.72 0.096,0.709 0.1,0.699 0.106,0.69 0.114,0.682 0.132,0.674 0.149,0.674 0.162,0.679 0.168,0.685 0.172,0.691 0.172,0.7 0.169,0.713 0.164,0.733 0.162,0.741 0.166,0.749 0.173,0.757 0.187,0.762 0.201,0.759 0.209,0.754 0.214,0.746 0.219,0.737 0.223,0.726 0.226,0.713 0.227,0.698 0.225,0.686 0.217,0.672 0.212,0.664 0.197,0.645 0.157,0.602 0.126,0.561 0.1,0.534 0.068,0.497 0.058,0.48 0.053,0.468 0.02,0.371 0.01,0.341 0,0.313 0,0.305 0.004,0.299 0.012,0.296 0.027,0.299 0.041,0.308 0.054,0.319 0.066,0.332 0.084,0.35 0.099,0.372 0.125,0.419 0.161,0.482 0.173,0.499 0.184,0.513 0.197,0.525 0.212,0.534 0.228,0.54 0.245,0.543 0.264,0.543 0.281,0.54 0.297,0.534 0.314,0.523 0.33,0.51 0.342,0.496 0.355,0.467 0.376,0.424 0.385,0.41 0.394,0.401 0.405,0.395 0.422,0.387 0.438,0.386 0.452,0.387 0.464,0.392 0.475,0.399 0.483,0.406 0.49,0.413 0.524,0.479 0.532,0.488 0.542,0.491 0.552,0.49 0.561,0.486 0.595,0.441 0.599,0.432 0.599,0.424 0.597,0.416 0.514,0.275 0.462,0.191 0.405,0.097 0.397,0.094 0.389,0.096 0.382,0.103 0.373,0.112 0.365,0.123 0.357,0.128 0.347,0.131 0.337,0.129 0.327,0.12 0.315,0.107 0.309,0.096 0.306,0.086 0.304,0.072 0.305,0.059 0.307,0.046 0.311,0.034 0.322,0.019 0.333,0.011 0.347,0.005 0.363,0.001 0.375,0 0.391,0.001 0.41,0.006 0.423,0.011 0.436,0.018 0.455,0.035 0.471,0.058 0.645,0.325 0.754,0.49 0.81,0.575 0.86,0.653 0.926,0.751 0.996,0.853 1,0.862 1,0.871 0.994,0.877 0.984,0.876 0.964,0.867 0.953,0.858 0.94,0.849 0.805,0.665 0.799,0.662 0.788,0.661 0.62,0.701 0.265,0.785
silverstone 0.356,0.009 0.465,0 0.484,0.001 0.499,0.006 0.509,0.013 0.52,0.026 0.528,0.041 0.534,0.06 0.542,0.093 0.55,0.125 0.555,0.161 0.557,0.183 0.56,0.237 0.561,0.283 0.563,0.301 0.57,0.318 0.583,0.342 0.589,0.355 0.588,0.365 0.586,0.377 0.568,0.426 0.566,0.445 0.569,0.459 0.576,0.471 0.594,0.497 0.598,0.508 0.599,0.522 0.596,0.535 0.585,0.548 0.57,0.558 0.551,0.57 0.536,0.579 0.525,0.589 0.513,0.609 0.489,0.655 0.357,0.898 0.313,0.966 0.301,0.982 0.291,0.991 0.28,0.997 0.268,1 0.256,0.999 0.244,0.996 0.234,0.992 0.225,0.984 0.217,0.973 0.214,0.968 0.203,0.943 0.189,0.92 0.175,0.901 0.166,0.889 0.155,0.877 0.136,0.858 0.093,0.807 0.089,0.804 0.083,0.803 0.077,0.806 0.059,0.822 0.053,0.824 0.047,0.824 0.042,0.822 0.034,0.814 0.026,0.807 0.017,0.794 0.01,0.78 0.005,0.766 0,0.75 0,0.744 0.001,0.737 0.005,0.731 0.013,0.718 0.143,0.548 0.173,0.51 0.179,0.503 0.189,0.496 0.202,0.493 0.213,0.493 0.227,0.494 0.267,0.5 0.28,0.502 0.294,0.502 0.31,0.5 0.324,0.496 0.336,0.489 0.419,0.423 0.425,0.42 0.431,0.416 0.438,0.416 0.443,0.417 0.448,0.422 0.451,0.427 0.465,0.476 0.469,0.483 0.475,0.487 0.482,0.488 0.49,0.484 0.494,0.478 0.498,0.472 0.503,0.456 0.508,0.442 0.512,0.428 0.514,0.415 0.515,0.402 0.514,0.387 0.511,0.381 0.504,0.373 0.234,0.127 0.227,0.122 0.217,0.117 0.205,0.115 0.192,0.117 0.178,0.123 0.174,0.129 0.17,0.138 0.165,0.182 0.162,0.191 0.155,0.199 0.145,0.204 0.134,0.205 0.122,0.202 0.114,0.196 0.109,0.189 0.105,0.182 0.104,0.173 0.106,0.164 0.112,0.149 0.147,0.08 0.158,0.067 0.169,0.056 0.184,0.042 0.197,0.034 0.213,0.027 0.227,0.022 0.257,0.019 0.356,0.009
sochi 0.909,0.183 0.85,0.274 0.837,0.287 0.819,0.301 0.799,0.312 0.77,0.321 0.695,0.341 0.583,0.371 0.463,0.403 0.455,0.402 0.452,0.4 0.451,0.392 0.448,0.382 0.443,0.374 0.388,0.321 0.369,0.307 0.345,0.297 0.316,0.295 0.288,0.301 0.264,0.313 0.245,0.33 0.234,0.347 0.225,0.368 0.221,0.391 0.223,0.416 0.229,0.437 0.263,0.507 0.264,0.515 0.261,0.521 0.253,0.527 0.074,0.633 0.068,0.635 0.06,0.636 0.054,0.632 0.049,0.627 0.005,0.527 0.001,0.511 0,0.497 0.001,0.482 0.013,0.424 0.015,0.42 0.019,0.417 0.025,0.416 0.171,0.394 0.174,0.392 0.178,0.389 0.18,0.386 0.189,0.35 0.19,0.344 0.191,0.337 0.19,0.332 0.145,0.204 0.145,0.199 0.146,0.194 0.15,0.19 0.155,0.186 0.2,0.168 0.221,0.163 0.241,0.159 0.268,0.157 0.292,0.158 0.319,0.16 0.345,0.165 0.39,0.173 0.414,0.179 0.438,0.188 0.465,0.199 0.557,0.24 0.582,0.249 0.605,0.254 0.63,0.256 0.656,0.255 0.681,0.251 0.718,0.24 0.725,0.241 0.728,0.246 0.74,0.286 0.745,0.291 0.754,0.295 0.764,0.294 0.779,0.291 0.795,0.283 0.81,0.27 0.822,0.253 0.848,0.215 0.849,0.21 0.849,0.207 0.844,0.203 0.82,0.185 0.815,0.178 0.814,0.17 0.817,0.162 0.855,0.102 0.889,0.046 0.917,0.004 0.923,0 0.931,0.002 0.992,0.03 0.998,0.033 1,0.038 0.998,0.044 0.909,0.183
spa 0.186,0.106 0.131,0.01 0.131,0.006 0.133,0.002 0.138,0 0.144,0.002 0.162,0.011 0.206,0.032 0.227,0.045 0.249,0.061 0.269,0.078 0.284,0.095 0.368,0.195 0.374,0.2 0.384,0.207 0.402,0.218 0.41,0.226 0.417,0.237 0.421,0.247 0.424,0.258 0.427,0.278 0.428,0.285 0.431,0.291 0.435,0.3 0.477,0.366 0.503,0.409 0.51,0.424 0.515,0.436 0.521,0.455 0.554,0.571 0.605,0.746 0.616,0.788 0.617,0.795 0.616,0.803 0.612,0.809 0.606,0.814 0.598,0.818 0.594,0.823 0.591,0.828 0.588,0.835 0.589,0.843 0.599,0.888 0.599,0.896 0.597,0.903 0.592,0.911 0.585,0.917 0.469,0.997 0.462,1 0.455,1 0.447,0.998 0.44,0.993 0.436,0.987 0.434,0.98 0.434,0.973 0.436,0.966 0.44,0.959 0.446,0.955 0.497,0.923 0.502,0.918 0.505,0.912 0.506,0.905 0.506,0.897 0.485,0.836 0.478,0.811 0.463,0.733 0.456,0.689 0.455,0.681 0.451,0.673 0.446,0.666 0.439,0.659 0.431,0.654 0.422,0.65 0.412,0.649 0.382,0.647 0.37,0.648 0.36,0.651 0.349,0.655 0.34,0.661 0.33,0.671 0.324,0.68 0.316,0.694 0.288,0.765 0.262,0.829 0.257,0.839 0.25,0.846 0.241,0.851 0.232,0.854 0.224,0.854 0.216,0.852 0.208,0.849 0.197,0.841 0.189,0.838 0.18,0.836 0.17,0.837 0.162,0.84 0.154,0.845 0.15,0.851 0.144,0.859 0.097,0.933 0.092,0.937 0.087,0.94 0.08,0.942 0.072,0.941 0.065,0.938 0.034,0.915 0.015,0.901 0.01,0.895 0.005,0.888 0.002,0.881 0,0.872 0,0.863 0.001,0.853 0.005,0.844 0.009,0.833 0.015,0.815 0.026,0.796 0.038,0.779 0.057,0.758 0.087,0.728 0.105,0.714 0.12,0.706 0.199,0.665 0.21,0.658 0.221,0.649 0.231,0.64 0.239,0.63 0.247,0.619 0.258,0.599 0.266,0.581 0.286,0.537 0.289,0.528 0.291,0.517 0.292,0.505 0.29,0.493 0.278,0.464 0.266,0.431 0.25,0.39 0.246,0.375 0.243,0.356 0.241,0.34 0.239,0.325 0.235,0.26 0.235,0.255 0.238,0.252 0.242,0.251 0.249,0.252 0.256,0.252 0.261,0.251 0.264,0.248 0.265,0.244 0.263,0.238 0.238,0.197 0.186,0.106
suzuka 0.854,0.285 0.916,0.359 0.988,0.448 0.994,0.457 0.998,0.467 1,0.476 1,0.484 0.999,0.491 0.99,0.517 0.986,0.524 0.981,0.529 0.976,0.532 0.967,0.534 0.959,0.534 0.95,0.531 0.942,0.524 0.934,0.512 0.891,0.446 0.883,0.439 0.876,0.437 0.866,0.435 0.844,0.435 0.832,0.432 0.825,0.427 0.819,0.419 0.816,0.412 0.806,0.375 0.802,0.365 0.795,0.357 0.788,0.351 0.778,0.347 0.768,0.345 0.742,0.344 0.731,0.342 0.723,0.338 0.714,0.332 0.708,0.323 0.704,0.314 0.703,0.305 0.703,0.297 0.704,0.29 0.717,0.255 0.719,0.248 0.719,0.239 0.718,0.233 0.714,0.224 0.709,0.217 0.7,0.21 0.688,0.204 0.675,0.197 0.663,0.192 0.654,0.19 0.641,0.188 0.627,0.187 0.616,0.188 0.607,0.19 0.599,0.193 0.587,0.199 0.575,0.205 0.56,0.217 0.549,0.229 0.502,0.286 0.5,0.289 0.492,0.291 0.424,0.297 0.419,0.297 0.415,0.293 0.413,0.288 0.412,0.283 0.402,0.241 0.388,0.16 0.385,0.145 0.384,0.138 0.385,0.13 0.387,0.122 0.39,0.114 0.393,0.106 0.404,0.08 0.406,0.076 0.405,0.073 0.403,0.07 0.399,0.067 0.395,0.066 0.391,0.066 0.386,0.069 0.383,0.075 0.366,0.102 0.353,0.123 0.345,0.136 0.338,0.144 0.332,0.149 0.321,0.158 0.31,0.164 0.299,0.167 0.278,0.17 0.259,0.171 0.245,0.17 0.228,0.166 0.209,0.161 0.188,0.153 0.175,0.147 0.164,0.14 0.153,0.132 0.142,0.122 0.13,0.109 0.122,0.097 0.115,0.085 0.098,0.039 0.089,0.02 0.084,0.012 0.078,0.006 0.07,0.002 0.06,0 0.048,0 0.037,0.002 0.026,0.004 0.016,0.009 0.007,0.015 0.002,0.023 0,0.031 0.001,0.042 0.003,0.049 0.006,0.057 0.012,0.063 0.024,0.074 0.038,0.086 0.052,0.098 0.07,0.112 0.09,0.126 0.111,0.139 0.134,0.15 0.155,0.161 0.177,0.169 0.211,0.181 0.25,0.196 0.296,0.212 0.342,0.226 0.374,0.237 0.415,0.253 0.424,0.255 0.433,0.256 0.443,0.254 0.453,0.251 0.47,0.244 0.486,0.237 0.5,0.228 0.514,0.217 0.539,0.193 0.575,0.16 0.585,0.152 0.592,0.147 0.598,0.143 0.603,0.14 0.605,0.14 0.609,0.141 0.617,0.148 0.622,0.153 0.627,0.154 0.631,0.154 0.637,0.15 0.645,0.142 0.655,0.135 0.666,0.131 0.679,0.13 0.691,0.13 0.704,0.133 0.717,0.138 0.728,0.143 0.742,0.153 0.754,0.164 0.767,0.179 0.854,0.285
vegas 0.549,0.888 0.578,0.856 0.584,0.85 0.588,0.842 0.589,0.834 0.586,0.826 0.58,0.821 0.569,0.817 0.559,0.815 0.549,0.816 0.54,0.819 0.52,0.831 0.502,0.849 0.494,0.854 0.479,0.857 0.47,0.857 0.455,0.852 0.447,0.847 0.439,0.841 0.426,0.823 0.421,0.808 0.417,0.369 0.42,0.363 0.425,0.359 0.516,0.361 0.543,0.361 0.557,0.358 0.563,0.353 0.579,0.337 0.586,0.327 0.592,0.316 0.596,0.306 0.598,0.294 0.6,0.279 0.599,0.27 0.594,0.267 0.581,0.266 0.577,0.263 0.573,0.257 0.571,0.247 0.572,0.24 0.584,0.218 0.587,0.212 0.592,0.202 0.59,0.192 0.58,0.185 0.561,0.183 0.417,0.179 0.364,0.171 0.346,0.163 0.327,0.143 0.311,0.11 0.285,0.05 0.269,0.033 0.252,0.021 0.235,0.015 0.208,0.006 0.177,0 0.173,0.001 0.169,0.004 0.166,0.015 0.163,0.022 0.131,0.084 0.111,0.12 0.101,0.139 0.09,0.157 0.072,0.189 0.054,0.231 0.044,0.263 0.033,0.3 0.026,0.327 0.02,0.353 0.016,0.38 0.011,0.419 0.01,0.442 0.009,0.469 0.009,0.543 0.009,0.585 0.01,0.617 0.004,0.783 0.002,0.869 0.002,0.912 0,0.963 0.003,0.967 0.007,0.969 0.016,0.968 0.023,0.971 0.039,0.987 0.053,0.995 0.071,0.998 0.15,1 0.254,0.999 0.34,0.999 0.382,0.999 0.416,0.994 0.452,0.987 0.461,0.983 0.469,0.978 0.475,0.972 0.549,0.888
villeneuve 0.272,0.724 0.284,0.781 0.294,0.823 0.299,0.855 0.299,0.88 0.291,0.949 0.293,0.957 0.298,0.963 0.319,0.972 0.323,0.975 0.325,0.981 0.324,0.987 0.321,0.993 0.316,0.997 0.309,1 0.3,1 0.29,0.998 0.265,0.991 0.249,0.985 0.233,0.977 0.219,0.967 0.184,0.938 0.164,0.918 0.16,0.913 0.159,0.908 0.159,0.903 0.163,0.892 0.164,0.885 0.163,0.879 0.161,0.875 0.122,0.827 0.115,0.821 0.101,0.812 0.093,0.805 0.085,0.794 0.08,0.781 0.077,0.769 0.075,0.759 0.076,0.684 0.076,0.678 0.073,0.673 0.068,0.669 0.06,0.667 0.048,0.67 0.042,0.67 0.034,0.668 0.027,0.664 0.022,0.659 0.018,0.654 0.015,0.648 0.012,0.638 0.009,0.625 0.005,0.609 0.005,0.596 0,0.539 0,0.508 0.001,0.483 0.003,0.456 0.006,0.434 0.009,0.417 0.029,0.336 0.033,0.328 0.038,0.325 0.043,0.324 0.05,0.323 0.056,0.322 0.061,0.318 0.067,0.312 0.072,0.305 0.076,0.295 0.096,0.213 0.104,0.169 0.107,0.138 0.108,0.107 0.108,0.096 0.106,0.085 0.092,0.013 0.091,0.009 0.092,0.005 0.095,0.001 0.102,0 0.106,0.001 0.109,0.005 0.109,0.007 0.111,0.023 0.114,0.048 0.115,0.056 0.118,0.065 0.128,0.087 0.138,0.106 0.185,0.229 0.191,0.244 0.261,0.581 0.264,0.595 0.263,0.599 0.26,0.603 0.254,0.605 0.251,0.609 0.249,0.613 0.25,0.618 0.262,0.676 0.272,0.724
watkins_glen 0.014,0.205 0.026,0.016 0.029,0.009 0.037,0.002 0.049,0 0.06,0 0.193,0.025 0.21,0.033 0.225,0.043 0.239,0.057 0.249,0.074 0.255,0.09 0.259,0.105 0.261,0.116 0.265,0.152 0.269,0.166 0.275,0.179 0.286,0.195 0.299,0.209 0.341,0.244 0.358,0.264 0.371,0.282 0.38,0.3 0.391,0.331 0.395,0.357 0.396,0.38 0.411,0.823 0.41,0.834 0.407,0.846 0.402,0.856 0.395,0.866 0.386,0.874 0.373,0.882 0.359,0.887 0.346,0.889 0.331,0.888 0.317,0.884 0.304,0.876 0.292,0.865 0.198,0.751 0.186,0.744 0.177,0.742 0.163,0.742 0.148,0.748 0.139,0.755 0.132,0.765 0.128,0.773 0.127,0.791 0.136,0.967 0.134,0.976 0.129,0.986 0.124,0.992 0.116,0.997 0.105,1 0.093,0.999 0.082,0.995 0.074,0.988 0.067,0.978 0.062,0.968 0.06,0.957 0.035,0.652 0.037,0.642 0.043,0.635 0.052,0.629 0.061,0.627 0.074,0.628 0.088,0.633 0.193,0.683 0.204,0.683 0.212,0.682 0.222,0.675 0.23,0.666 0.235,0.654 0.236,0.644 0.198,0.481 0.192,0.471 0.184,0.462 0.174,0.455 0.163,0.451 0.156,0.449 0.032,0.441 0.018,0.435 0.009,0.424 0.002,0.411 0,0.396 0.014,0.205
yas_marina 0.229,0.56 0.368,0.541 0.375,0.539 0.381,0.533 0.385,0.525 0.385,0.517 0.383,0.509 0.361,0.414 0.357,0.404 0.352,0.397 0.343,0.389 0.336,0.386 0.297,0.373 0.283,0.367 0.274,0.36 0.265,0.352 0.258,0.344 0.253,0.337 0.247,0.323 0.245,0.312 0.245,0.3 0.247,0.286 0.252,0.271 0.262,0.234 0.265,0.206 0.265,0.186 0.264,0.169 0.253,0.081 0.246,0.025 0.244,0.018 0.243,0.013 0.239,0.008 0.232,0.002 0.227,0.001 0.222,0 0.218,0.001 0.213,0.003 0.209,0.007 0.207,0.01 0.204,0.016 0.195,0.042 0.187,0.079 0.117,0.286 0.09,0.367 0.075,0.411 0.064,0.446 0.052,0.489 0.027,0.569 0.003,0.64 0.001,0.647 0,0.652 0.001,0.656 0.003,0.659 0.009,0.659 0.031,0.656 0.036,0.656 0.04,0.661 0.053,0.709 0.055,0.718 0.063,0.737 0.071,0.752 0.086,0.774 0.104,0.795 0.126,0.814 0.221,0.889 0.242,0.906 0.259,0.918 0.282,0.933 0.302,0.944 0.333,0.959 0.362,0.972 0.404,0.993 0.423,1 0.433,1 0.444,0.998 0.454,0.992 0.459,0.987 0.463,0.982 0.466,0.974 0.468,0.967 0.469,0.961 0.468,0.949 0.466,0.941 0.463,0.934 0.458,0.927 0.452,0.92 0.444,0.915 0.435,0.911 0.422,0.909 0.323,0.901 0.31,0.9 0.305,0.898 0.3,0.896 0.246,0.863 0.241,0.859 0.237,0.854 0.233,0.844 0.221,0.786 0.222,0.781 0.224,0.778 0.229,0.777 0.273,0.77 0.278,0.768 0.282,0.766 0.285,0.763 0.289,0.756 0.29,0.748 0.29,0.708 0.287,0.701 0.283,0.697 0.276,0.694 0.268,0.693 0.261,0.692 0.251,0.691 0.242,0.692 0.149,0.706 0.141,0.707 0.131,0.706 0.121,0.705 0.114,0.702 0.11,0.698 0.105,0.693 0.08,0.647 0.066,0.626 0.064,0.619 0.062,0.611 0.061,0.604 0.061,0.596 0.062,0.59 0.066,0.586 0.07,0.583 0.08,0.582 0.229,0.56
zandvoort 0.122,0.389 0.234,0.118 0.277,0.019 0.286,0.008 0.3,0.002 0.314,0 0.327,0.003 0.339,0.011 0.348,0.022 0.353,0.035 0.353,0.05 0.341,0.079 0.305,0.165 0.294,0.205 0.289,0.247 0.292,0.287 0.288,0.303 0.279,0.314 0.262,0.328 0.243,0.335 0.191,0.355 0.178,0.365 0.174,0.38 0.173,0.394 0.179,0.407 0.189,0.417 0.201,0.422 0.221,0.422 0.316,0.391 0.36,0.383 0.398,0.382 0.432,0.384 0.464,0.39 0.486,0.397 0.523,0.405 0.558,0.408 0.582,0.403 0.611,0.395 0.646,0.377 0.688,0.35 0.716,0.337 0.741,0.33 0.774,0.326 0.799,0.327 0.908,0.333 0.932,0.339 0.956,0.351 0.972,0.365 0.983,0.38 0.993,0.397 0.998,0.417 1,0.438 0.998,0.458 0.992,0.479 0.979,0.502 0.929,0.569 0.911,0.599 0.87,0.689 0.85,0.696 0.825,0.699 0.802,0.698 0.774,0.693 0.745,0.683 0.714,0.668 0.684,0.647 0.665,0.626 0.661,0.613 0.665,0.599 0.676,0.582 0.693,0.572 0.718,0.563 0.76,0.556 0.8,0.546 0.837,0.532 0.858,0.517 0.866,0.5 0.867,0.481 0.86,0.462 0.843,0.445 0.828,0.44 0.748,0.43 0.667,0.43 0.582,0.441 0.51,0.459 0.465,0.473 0.416,0.491 0.369,0.511 0.33,0.534 0.316,0.54 0.306,0.538 0.297,0.525 0.286,0.506 0.273,0.498 0.255,0.497 0.238,0.505 0.228,0.517 0.224,0.531 0.228,0.558 0.267,0.784 0.268,0.799 0.264,0.814 0.257,0.828 0.25,0.836 0.234,0.847 0.216,0.851 0.142,0.852 0.127,0.851 0.105,0.848 0.082,0.841 0.063,0.832 0.038,0.812 0.022,0.791 0.011,0.772 0.003,0.747 0,0.725 0.002,0.689 0.009,0.663 0.116,0.403 0.122,0.389
